[gd_resource type="Skin" format=2]

[resource]
resource_name = "Skin"
bind_count = 18
bind/0/name = "pelvis"
bind/0/bone = -1
bind/0/pose = Transform( 1, 0, 0, 0, 1, 0, 0, 0, 1, 0, -0.326325, 0 )
bind/1/name = "torso"
bind/1/bone = -1
bind/1/pose = Transform( 1, 0, 0, 0, 1, 0, 0, 0, 1, 0, -0.546446, 0 )
bind/2/name = "shoulder.l"
bind/2/bone = -1
bind/2/pose = Transform( -0.433796, -0.901011, -8.00587e-08, 0.901011, -0.433796, 1.06581e-14, -3.47292e-08, -7.21338e-08, 1, 0.817795, 0.393732, 6.54716e-08 )
bind/3/name = "arm.l"
bind/3/bone = -1
bind/3/pose = Transform( 2.98023e-08, -1, 7.54979e-08, 1, 1.19209e-07, 2.29744e-14, -5.80273e-15, 7.54979e-08, 1, 0.826325, -0.168898, -6.23858e-08 )
bind/4/name = "elbow.l"
bind/4/bone = -1
bind/4/pose = Transform( -4.38094e-22, -1, 7.54979e-08, 1, 8.9407e-08, 1.94217e-14, 3.30752e-29, 7.54979e-08, 1, 0.826325, -0.352152, -6.23858e-08 )
bind/5/name = "hand.l"
bind/5/bone = -1
bind/5/pose = Transform( 2.49711e-36, -1, 7.54979e-08, 1, 8.9407e-08, 1.94217e-14, -1.89175e-43, 7.54979e-08, 1, 0.826325, -0.494371, -6.23858e-08 )
bind/6/name = "shoulder.r"
bind/6/bone = -1
bind/6/pose = Transform( -0.433796, 0.901011, 8.00587e-08, -0.901011, -0.433796, 1.06581e-14, 3.47292e-08, -7.21338e-08, 1, -0.817795, 0.393732, 6.54716e-08 )
bind/7/name = "arm.r"
bind/7/bone = -1
bind/7/pose = Transform( 2.98023e-08, 1, -7.54979e-08, -1, 1.19209e-07, 2.29744e-14, 5.80273e-15, 7.54979e-08, 1, -0.826325, -0.168898, -6.23858e-08 )
bind/8/name = "elbow.r"
bind/8/bone = -1
bind/8/pose = Transform( -4.38094e-22, 1, -7.54979e-08, -1, 8.9407e-08, 1.94217e-14, -3.30752e-29, 7.54979e-08, 1, -0.826325, -0.352152, -6.23858e-08 )
bind/9/name = "hand.r"
bind/9/bone = -1
bind/9/pose = Transform( 2.49711e-36, 1, -7.54979e-08, -1, 8.9407e-08, 1.94217e-14, 1.89175e-43, 7.54979e-08, 1, -0.826325, -0.494371, -6.23858e-08 )
bind/10/name = "item.r"
bind/10/bone = -1
bind/10/pose = Transform( 0, 1, -7.54979e-08, -1, 8.9407e-08, 1.94217e-14, -7.00649e-45, 7.54979e-08, 1, -0.826325, -0.548841, -6.23858e-08 )
bind/11/name = "head"
bind/11/bone = -1
bind/11/pose = Transform( 1, 0, 0, 0, 1, 0, 0, 0, 1, 0, -0.907642, 0 )
bind/12/name = "hip.l"
bind/12/bone = -1
bind/12/pose = Transform( 0, 4.37114e-08, 1, 1, 0, 0, 0, 1, -4.37114e-08, -1.42641e-08, 0, -0.326325 )
bind/13/name = "leg.l"
bind/13/bone = -1
bind/13/pose = Transform( 3.06912e-08, -1.32964e-07, 1, 0.0454079, -0.998969, -1.3422e-07, 0.998969, 0.0454077, -2.46219e-08, 4.03203e-08, 0.321448, -0.114715 )
bind/14/name = "foot.l"
bind/14/bone = -1
bind/14/pose = Transform( -1.30716e-07, -1.35476e-07, 1, 0.00854688, -0.999964, -1.34354e-07, 0.999964, 0.00854669, 1.3187e-07, 5.80436e-08, 0.167313, -0.10862 )
bind/15/name = "hip.r"
bind/15/bone = -1
bind/15/pose = Transform( 0, -4.37114e-08, -1, -1, 0, 0, 0, 1, -4.37114e-08, 1.42641e-08, 0, -0.326325 )
bind/16/name = "leg.r"
bind/16/bone = -1
bind/16/pose = Transform( 3.06912e-08, 1.32964e-07, -1, -0.0454079, -0.998969, -1.3422e-07, -0.998969, 0.0454077, -2.46219e-08, -4.03203e-08, 0.321448, -0.114715 )
bind/17/name = "foot.r"
bind/17/bone = -1
bind/17/pose = Transform( -1.30716e-07, 1.35476e-07, -1, -0.00854688, -0.999964, -1.34354e-07, -0.999964, 0.00854669, 1.3187e-07, -5.80436e-08, 0.167313, -0.10862 )
